[4332 2164  536  610 2625  332 4449 5685  530 2832 4237 2167 4268  798
 2296 2038 4751  186  608 5788  215 1978  785 5460 2489  265 4220  554
 4287 1995 4371  827 5676 2009 2857  472 4179 2525 4904 5832 2719  407
  309 2432  495 1958  695 4270 2097 2530  581 4245 5786  507 4994 2792
  460  357 4479 2120 5694 2819 5529  236 2180  142 5292  367  453 4200
 2848 4658 4982 4359 5332  150 2181 2061  302  645 4292 4312  252 5355
 2841 4409  647 4988 5336 5687 1870  383 4517 5513  152 2788 4407 2263
 4730 4711  376 2741 4899 2002 4661 2119 2085 2764 5834 4970 2438 5885
 1852 2816 2529 4486 4510  303 5892 1933  250 2160 4412 4992 2172 4427
 2382 4976  505 2544 2531 2178 5845 4331 5451 5995  286 4973 6026  697
 5792 4825  316 2818  335 4890 5839 2766  479  572  632 5007 2194 5515
 2775 2466 2077  322 2638  531]